1
1
1
0
(8 0
((320,184,0) (359,215,63) (0,0,0))
((360,184,0) (391,215,63) (0,0,0))
((328,216,0) (375,247,63) (0,0,0))
((376,216,0) (407,247,63) (0,0,0))
((352,248,0) (407,263,63) (0,0,0))
((360,264,0) (415,279,63) (0,0,0))
((368,280,0) (415,319,63) (0,0,0))
((384,320,0) (415,367,63) (0,0,0))
)
8
FabOnDisk: Cell_D_00000 0
FabOnDisk: Cell_D_00000 655455
FabOnDisk: Cell_D_00000 1179838
FabOnDisk: Cell_D_00000 1966365
FabOnDisk: Cell_D_00000 2490748
FabOnDisk: Cell_D_00000 2949595
FabOnDisk: Cell_D_00000 3408442
FabOnDisk: Cell_D_00000 4391577

8,1
1.2744446383705081e+00,
1.0185541393553603e+00,
1.0705322353264104e+00,
1.0472572297645886e+00,
1.1462161993793323e+00,
1.1430997207673073e+00,
1.1074890678060600e+00,
1.2016947166407066e+00,

8,1
1.8782455631886590e+00,
1.8954885638569527e+00,
1.9815525067938324e+00,
1.9966777847513515e+00,
1.9963324898250900e+00,
1.9731056967085714e+00,
1.9224203015299928e+00,
1.7296812089712164e+00,

