1
1
1
0
(6 0
((328,208,0) (367,247,63) (0,0,0))
((368,208,0) (399,247,63) (0,0,0))
((344,248,0) (407,279,63) (0,0,0))
((352,280,0) (407,311,63) (0,0,0))
((368,312,0) (407,351,63) (0,0,0))
((368,352,0) (407,383,63) (0,0,0))
)
6
FabOnDisk: Cell_D_00000 0
FabOnDisk: Cell_D_00000 819295
FabOnDisk: Cell_D_00000 1474750
FabOnDisk: Cell_D_00000 2523421
FabOnDisk: Cell_D_00000 3441020
FabOnDisk: Cell_D_00000 4260315

6,1
1.1945907168313883e+00,
1.0183997138831558e+00,
1.1049954195203644e+00,
1.1229676243044031e+00,
1.2985144428616435e+00,
1.1704130334432663e+00,

6,1
1.9042227566370613e+00,
1.9293623905185484e+00,
1.9966660877113784e+00,
1.9938413859953341e+00,
1.8970788829663949e+00,
1.6655680478414741e+00,

