1
1
1
0
(12 0
((256,136,0) (303,175,63) (0,0,0))
((304,136,0) (367,183,63) (0,0,0))
((232,144,0) (255,175,63) (0,0,0))
((368,152,0) (399,183,63) (0,0,0))
((352,184,0) (415,199,63) (0,0,0))
((376,200,0) (415,207,63) (0,0,0))
((408,256,0) (431,287,63) (0,0,0))
((400,208,0) (423,231,63) (0,0,0))
((400,232,0) (431,255,63) (0,0,0))
((392,224,0) (399,239,55) (0,0,0))
((376,208,0) (399,223,63) (0,0,0))
((392,224,56) (399,239,63) (0,0,0))
)
12
FabOnDisk: Cell_D_00000 0
FabOnDisk: Cell_D_00000 983135
FabOnDisk: Cell_D_00000 2556094
FabOnDisk: Cell_D_00000 2949405
FabOnDisk: Cell_D_00000 3473788
FabOnDisk: Cell_D_00000 3998171
FabOnDisk: Cell_D_00000 4162106
FabOnDisk: Cell_D_00000 4555417
FabOnDisk: Cell_D_00000 4850424
FabOnDisk: Cell_D_00000 5243735
FabOnDisk: Cell_D_00000 5301174
FabOnDisk: Cell_D_00000 5497877

12,1
1.1442415293058874e+00,
1.0298020835019561e+00,
1.0923473042985037e+00,
1.0087520395177880e+00,
1.0450484956388297e+00,
1.2025844462989370e+00,
1.1518035380627032e+00,
1.0897488422642365e+00,
1.0857896790365782e+00,
1.1473190296884825e+00,
1.0721753157172655e+00,
1.1473190296884825e+00,

12,1
1.9127394271628884e+00,
1.9960235341302899e+00,
1.6350973030085507e+00,
1.9709682202439582e+00,
1.9248776141282391e+00,
1.8518502220747848e+00,
1.6017269125703499e+00,
1.8138876348168971e+00,
1.7040796260605575e+00,
1.5641121739864359e+00,
1.8120920911230762e+00,
1.5641121739864359e+00,

