1
1
1
0
(6 0
((312,280,0) (351,327,63) (0,0,0))
((352,280,0) (383,327,63) (0,0,0))
((312,328,0) (351,375,63) (0,0,0))
((352,328,0) (383,375,63) (0,0,0))
((312,376,0) (351,415,63) (0,0,0))
((352,376,0) (383,415,63) (0,0,0))
)
6
FabOnDisk: Cell_D_00000 0
FabOnDisk: Cell_D_00000 983135
FabOnDisk: Cell_D_00000 1769662
FabOnDisk: Cell_D_00000 2752797
FabOnDisk: Cell_D_00000 3539324
FabOnDisk: Cell_D_00000 4358619

6,1
1.1816607388666347e+00,
1.1107719823092470e+00,
1.2718982424742904e+00,
1.2459969304502629e+00,
1.3307855153665487e+00,
1.0642821887145828e+00,

6,1
1.9467952088795930e+00,
1.9471627187344447e+00,
1.9980605068759545e+00,
1.9981287960204555e+00,
1.8652111778528355e+00,
1.8525245135918222e+00,

