1
1
1
0
(5 0
((336,224,0) (383,247,63) (0,0,0))
((336,248,0) (391,263,63) (0,0,0))
((336,264,0) (399,303,63) (0,0,0))
((352,304,0) (407,351,63) (0,0,0))
((352,352,0) (407,391,63) (0,0,0))
)
5
FabOnDisk: Cell_D_00000 0
FabOnDisk: Cell_D_00000 589919
FabOnDisk: Cell_D_00000 1048766
FabOnDisk: Cell_D_00000 2359581
FabOnDisk: Cell_D_00000 3735932

5,1
1.0982534779821025e+00,
1.1967385292319261e+00,
1.1558282025719393e+00,
1.1896036465712134e+00,
1.0683443048262984e+00,

5,1
1.7013760451225759e+00,
1.8576571323050046e+00,
1.9955584747455135e+00,
1.9947757930982906e+00,
1.7904832370104573e+00,

