HyperCLaw-V1.1
1
phi
3
0.22305024091839115
3
0 0 0 
1 1 0.125 
2 2 2 
((0,0,0) (63,63,7) (0,0,0)) ((0,0,0) (127,127,15) (0,0,0)) ((0,0,0) (255,255,31) (0,0,0)) ((0,0,0) (511,511,63) (0,0,0)) 
20 40 80 160 
0.015625 0.015625 0.015625 
0.0078125 0.0078125 0.0078125 
0.00390625 0.00390625 0.00390625 
0.001953125 0.001953125 0.001953125 
0
0
0 1 0.22305024091839115
20
0 1
0 1
0 0.125
Level_0/Cell
1 2 0.22305024091839115
40
0.375 0.8125
0.375 0.75
0 0.125
0.375 0.8125
0.75 1
0 0.125
Level_1/Cell
2 2 0.22305024091839115
80
0.53125 0.78125
0.46875 0.71875
0 0.125
0.53125 0.78125
0.71875 0.90625
0 0.125
Level_2/Cell
3 6 0.22305024091839115
160
0.609375 0.6875
0.546875 0.640625
0 0.125
0.6875 0.75
0.546875 0.640625
0 0.125
0.609375 0.6875
0.640625 0.734375
0 0.125
0.6875 0.75
0.640625 0.734375
0 0.125
0.609375 0.6875
0.734375 0.8125
0 0.125
0.6875 0.75
0.734375 0.8125
0 0.125
Level_3/Cell
