1
1
1
0
(10 0
((296,160,0) (319,199,63) (0,0,0))
((320,160,0) (351,215,63) (0,0,0))
((352,168,0) (399,215,63) (0,0,0))
((344,216,0) (351,223,63) (0,0,0))
((352,216,0) (407,231,63) (0,0,0))
((384,232,0) (415,263,63) (0,0,0))
((384,264,0) (423,287,63) (0,0,0))
((392,288,0) (423,343,63) (0,0,0))
((360,232,0) (383,247,63) (0,0,0))
((376,248,0) (383,263,63) (0,0,0))
)
10
FabOnDisk: Cell_D_00000 0
FabOnDisk: Cell_D_00000 491615
FabOnDisk: Cell_D_00000 1409214
FabOnDisk: Cell_D_00000 2588957
FabOnDisk: Cell_D_00000 2621820
FabOnDisk: Cell_D_00000 3080667
FabOnDisk: Cell_D_00000 3605050
FabOnDisk: Cell_D_00000 4096665
FabOnDisk: Cell_D_00000 5014264
FabOnDisk: Cell_D_00000 5210967

10,1
1.2267338940871610e+00,
1.1303155989415219e+00,
1.0038549223222633e+00,
1.2322040036719704e+00,
1.1631317741575893e+00,
1.1359295118637416e+00,
1.1492378903915825e+00,
1.2255886927845667e+00,
1.1513891921796842e+00,
1.2607720131069813e+00,

10,1
1.6532681415720110e+00,
1.8973245051299013e+00,
1.9948495744689698e+00,
1.4830565790923789e+00,
1.9961499990106184e+00,
1.9822033932481176e+00,
1.8742883079689274e+00,
1.7620013701635922e+00,
1.9410705878340742e+00,
1.6839623921386060e+00,

