1
1
1
0
(5 0
((104,64,0) (167,119,31) (0,0,0))
((168,64,0) (215,119,31) (0,0,0))
((176,120,0) (223,143,31) (0,0,0))
((184,144,0) (223,191,31) (0,0,0))
((184,192,0) (223,223,31) (0,0,0))
)
5
FabOnDisk: Cell_D_00000 0
FabOnDisk: Cell_D_00000 917598
FabOnDisk: Cell_D_00000 1605820
FabOnDisk: Cell_D_00000 1900827
FabOnDisk: Cell_D_00000 2392442

5,1
1.0005079819834957e+00,
1.0000756284971466e+00,
9.9997534357715212e-01,
1.0010276655298387e+00,
9.9991484723960111e-01,

5,1
1.8955377855766891e+00,
1.9950513878482585e+00,
1.8553757416084222e+00,
1.6370877176560297e+00,
1.2438549357426016e+00,

