HyperCLaw-V1.1
1
phi
3
0.28220673175118033
3
0 0 0 
1 1 0.125 
2 2 2 
((0,0,0) (63,63,7) (0,0,0)) ((0,0,0) (127,127,15) (0,0,0)) ((0,0,0) (255,255,31) (0,0,0)) ((0,0,0) (511,511,63) (0,0,0)) 
25 50 100 200 
0.015625 0.015625 0.015625 
0.0078125 0.0078125 0.0078125 
0.00390625 0.00390625 0.00390625 
0.001953125 0.001953125 0.001953125 
0
0
0 1 0.28220673175118033
25
0 1
0 1
0 0.125
Level_0/Cell
1 2 0.28220673175118033
50
0.4375 0.875
0.3125 0.6875
0 0.125
0.4375 0.875
0.6875 1
0 0.125
Level_1/Cell
2 2 0.28220673175118033
100
0.5625 0.8125
0.40625 0.65625
0 0.125
0.5625 0.8125
0.65625 0.90625
0 0.125
Level_2/Cell
3 3 0.28220673175118033
200
0.65625 0.765625
0.5 0.609375
0 0.125
0.65625 0.765625
0.609375 0.703125
0 0.125
0.65625 0.765625
0.703125 0.796875
0 0.125
Level_3/Cell
