1
1
1
0
(7 0
((128,80,0) (175,111,31) (0,0,0))
((176,80,0) (215,135,31) (0,0,0))
((176,136,0) (215,183,31) (0,0,0))
((176,184,0) (215,231,31) (0,0,0))
((168,208,0) (175,223,31) (0,0,0))
((144,112,0) (175,127,31) (0,0,0))
((160,128,0) (175,143,31) (0,0,0))
)
7
FabOnDisk: Cell_D_00000 0
FabOnDisk: Cell_D_00000 393310
FabOnDisk: Cell_D_00000 966844
FabOnDisk: Cell_D_00000 1458459
FabOnDisk: Cell_D_00000 1950074
FabOnDisk: Cell_D_00000 1982937
FabOnDisk: Cell_D_00000 2114104

7,1
1.0082691675272839e+00,
1.0000145661839552e+00,
1.0140723000438712e+00,
1.0003769053669676e+00,
1.0225461763918091e+00,
1.0055244205351628e+00,
1.0015593205102060e+00,

7,1
1.8014716493913823e+00,
1.9965656022024851e+00,
1.9488420194812388e+00,
1.4524585486488528e+00,
1.0845122131043206e+00,
1.6424351056814195e+00,
1.1776009110726759e+00,

