1
1
1
0
(5 0
((144,88,0) (167,143,31) (0,0,0))
((168,88,0) (215,135,31) (0,0,0))
((168,136,0) (215,183,31) (0,0,0))
((168,184,0) (215,231,31) (0,0,0))
((160,208,0) (167,223,31) (0,0,0))
)
5
FabOnDisk: Cell_D_00000 0
FabOnDisk: Cell_D_00000 344158
FabOnDisk: Cell_D_00000 934076
FabOnDisk: Cell_D_00000 1523995
FabOnDisk: Cell_D_00000 2113914

5,1
1.0009022028454959e+00,
1.0000058917904966e+00,
1.0046813227753613e+00,
1.0002852155531248e+00,
1.0253511648759313e+00,

5,1
1.5066440421240390e+00,
1.9958727971107217e+00,
1.9965694494680197e+00,
1.5556535977512049e+00,
1.0831660945941077e+00,

