1
1
1
0
(14 0
((272,152,0) (311,183,63) (0,0,0))
((312,152,0) (351,207,63) (0,0,0))
((352,160,0) (407,207,63) (0,0,0))
((384,208,0) (415,231,63) (0,0,0))
((368,224,0) (383,231,7) (0,0,0))
((376,232,0) (383,239,7) (0,0,0))
((384,232,0) (423,263,63) (0,0,0))
((392,264,0) (423,279,63) (0,0,0))
((400,280,0) (423,295,63) (0,0,0))
((408,296,0) (423,319,63) (0,0,0))
((368,224,8) (383,239,55) (0,0,0))
((360,208,0) (383,223,63) (0,0,0))
((368,224,56) (383,231,63) (0,0,0))
((376,232,56) (383,239,63) (0,0,0))
)
14
FabOnDisk: Cell_D_00000 0
FabOnDisk: Cell_D_00000 655455
FabOnDisk: Cell_D_00000 1802430
FabOnDisk: Cell_D_00000 3178781
FabOnDisk: Cell_D_00000 3572092
FabOnDisk: Cell_D_00000 3580378
FabOnDisk: Cell_D_00000 3584568
FabOnDisk: Cell_D_00000 4240023
FabOnDisk: Cell_D_00000 4502262
FabOnDisk: Cell_D_00000 4698965
FabOnDisk: Cell_D_00000 4895668
FabOnDisk: Cell_D_00000 4994067
FabOnDisk: Cell_D_00000 5190770
FabOnDisk: Cell_D_00000 5199058

14,1
1.2081629195146433e+00,
1.0729375329487096e+00,
1.0013073874049312e+00,
1.0767089394437401e+00,
1.1938677993668116e+00,
1.2344052656866364e+00,
1.0945073272836994e+00,
1.1962297580561370e+00,
1.2883225776380789e+00,
1.3830735095163451e+00,
1.1157323672950161e+00,
1.1807896979163521e+00,
1.1938678590849745e+00,
1.2344052661872673e+00,

14,1
1.7523168758598189e+00,
1.9634073938315422e+00,
1.9953253006555300e+00,
1.9751202868579230e+00,
1.7171838967707282e+00,
1.5416138161761330e+00,
1.8932230574088920e+00,
1.7515057208118008e+00,
1.6767138092479512e+00,
1.6031624713456567e+00,
1.7171839906152140e+00,
1.9758245674801389e+00,
1.7171838967706203e+00,
1.5416138161791249e+00,

