1
1
1
0
(5 0
((72,0,0) (111,7,15) (0,0,0))
((40,24,0) (87,63,15) (0,0,0))
((88,24,0) (119,63,15) (0,0,0))
((48,64,0) (63,71,15) (0,0,0))
((72,64,0) (119,127,15) (0,0,0))
)
5
FabOnDisk: Cell_D_00000 0
FabOnDisk: Cell_D_00000 41050
FabOnDisk: Cell_D_00000 286901
FabOnDisk: Cell_D_00000 450833
FabOnDisk: Cell_D_00000 467308

5,1
9.9966288428146599e-01,
9.9771913899318077e-01,
9.9907754077354005e-01,
9.9975651354071826e-01,
9.9571727205511551e-01,

5,1
1.0105405036930641e+00,
1.9870442559011505e+00,
1.9929890545650204e+00,
1.0083446678580423e+00,
1.6566871062973205e+00,

