1
1
1
0
(12 0
((112,64,0) (167,103,31) (0,0,0))
((168,64,0) (215,103,31) (0,0,0))
((144,104,0) (183,111,15) (0,0,0))
((184,104,0) (215,119,31) (0,0,0))
((184,120,0) (223,151,31) (0,0,0))
((192,152,0) (223,183,31) (0,0,0))
((184,184,0) (215,223,31) (0,0,0))
((144,104,16) (159,111,31) (0,0,0))
((168,112,0) (183,127,23) (0,0,0))
((160,104,16) (183,111,31) (0,0,0))
((168,112,24) (183,119,31) (0,0,0))
((176,120,24) (183,127,31) (0,0,0))
)
12
FabOnDisk: Cell_D_00000 0
FabOnDisk: Cell_D_00000 573534
FabOnDisk: Cell_D_00000 1065148
FabOnDisk: Cell_D_00000 1106203
FabOnDisk: Cell_D_00000 1237370
FabOnDisk: Cell_D_00000 1565145
FabOnDisk: Cell_D_00000 1827384
FabOnDisk: Cell_D_00000 2155159
FabOnDisk: Cell_D_00000 2171639
FabOnDisk: Cell_D_00000 2220886
FabOnDisk: Cell_D_00000 2245558
FabOnDisk: Cell_D_00000 2253846

12,1
1.0039047566860202e+00,
1.0000512161058304e+00,
1.0149796540893299e+00,
1.0029739616524931e+00,
1.0003125253335965e+00,
1.0019101543839752e+00,
1.0009736640884601e+00,
1.0149796540893299e+00,
1.0008643146821579e+00,
1.0215475615319378e+00,
1.0073168026538202e+00,
1.0059773897857833e+00,

12,1
1.8920066102523934e+00,
1.9966807576927237e+00,
1.6557769033095566e+00,
1.9770560225694296e+00,
1.8634683542301664e+00,
1.5731884209441236e+00,
1.3063527638570869e+00,
1.0803991375539677e+00,
1.2816002671369671e+00,
1.6557769033095566e+00,
1.2816002671369671e+00,
1.1012312520903484e+00,

