HyperCLaw-V1.1
1
phi
3
0.65208111706695515
3
0 0 0 
1 1 0.125 
2 2 2 
((0,0,0) (63,63,7) (0,0,0)) ((0,0,0) (127,127,15) (0,0,0)) ((0,0,0) (255,255,31) (0,0,0)) ((0,0,0) (511,511,63) (0,0,0)) 
50 100 200 400 
0.015625 0.015625 0.015625 
0.0078125 0.0078125 0.0078125 
0.00390625 0.00390625 0.00390625 
0.001953125 0.001953125 0.001953125 
0
0
0 1 0.65208111706695515
50
0 1
0 1
0 0.125
Level_0/Cell
1 4 0.65208111706695515
100
0.625 0.8125
0 0.0625
0 0.125
0.375 0.6875
0.1875 0.5
0 0.125
0.6875 0.9375
0.1875 0.5
0 0.125
0.5625 0.9375
0.5 1
0 0.125
Level_1/Cell
2 12 0.65208111706695515
200
0.4375 0.65625
0.25 0.40625
0 0.125
0.65625 0.84375
0.25 0.40625
0 0.125
0.5625 0.71875
0.40625 0.4375
0 0.0625
0.71875 0.84375
0.40625 0.46875
0 0.125
0.71875 0.875
0.46875 0.59375
0 0.125
0.75 0.875
0.59375 0.71875
0 0.125
0.71875 0.84375
0.71875 0.875
0 0.125
0.5625 0.625
0.40625 0.4375
0.0625 0.125
0.65625 0.71875
0.4375 0.5
0 0.09375
0.625 0.71875
0.40625 0.4375
0.0625 0.125
0.65625 0.71875
0.4375 0.46875
0.09375 0.125
0.6875 0.71875
0.46875 0.5
0.09375 0.125
Level_2/Cell
3 14 0.65208111706695515
400
0.546875 0.640625
0.296875 0.375
0 0.125
0.640625 0.6875
0.296875 0.390625
0 0.125
0.671875 0.6875
0.390625 0.40625
0 0.125
0.703125 0.8125
0.421875 0.453125
0 0.015625
0.734375 0.8125
0.453125 0.46875
0 0.015625
0.75 0.828125
0.484375 0.546875
0 0.125
0.78125 0.828125
0.546875 0.640625
0 0.125
0.703125 0.8125
0.421875 0.46875
0.015625 0.078125
0.6875 0.75
0.3125 0.359375
0 0.125
0.6875 0.78125
0.359375 0.390625
0 0.125
0.6875 0.796875
0.390625 0.421875
0 0.125
0.703125 0.8125
0.421875 0.453125
0.078125 0.125
0.734375 0.8125
0.453125 0.46875
0.078125 0.125
0.734375 0.828125
0.46875 0.484375
0 0.125
Level_3/Cell
