1
1
1
0
(5 0
((128,72,0) (175,119,31) (0,0,0))
((176,72,0) (215,119,31) (0,0,0))
((160,120,0) (215,135,31) (0,0,0))
((176,136,0) (215,183,31) (0,0,0))
((176,184,0) (215,223,31) (0,0,0))
)
5
FabOnDisk: Cell_D_00000 0
FabOnDisk: Cell_D_00000 589918
FabOnDisk: Cell_D_00000 1081532
FabOnDisk: Cell_D_00000 1311003
FabOnDisk: Cell_D_00000 1802618

5,1
1.0037578189464920e+00,
1.0001237335600304e+00,
1.0032645974258716e+00,
1.0139366035877224e+00,
1.0006416687804869e+00,

5,1
1.8016761711225089e+00,
1.9912195601405112e+00,
1.9960761123825124e+00,
1.9466766208207036e+00,
1.4380139404420387e+00,

