HyperCLaw-V1.1
1
phi
3
0.40952495212428242
3
0 0 0 
1 1 0.125 
2 2 2 
((0,0,0) (63,63,7) (0,0,0)) ((0,0,0) (127,127,15) (0,0,0)) ((0,0,0) (255,255,31) (0,0,0)) ((0,0,0) (511,511,63) (0,0,0)) 
35 70 140 280 
0.015625 0.015625 0.015625 
0.0078125 0.0078125 0.0078125 
0.00390625 0.00390625 0.00390625 
0.001953125 0.001953125 0.001953125 
0
0
0 1 0.40952495212428242
35
0 1
0 1
0 0.125
Level_0/Cell
1 3 0.40952495212428242
70
0.4375 0.875
0.25 0.75
0 0.125
0.4375 0.875
0.75 1
0 0.125
0.6875 0.75
0 0.0625
0 0.125
Level_1/Cell
2 5 0.40952495212428242
140
0.5625 0.65625
0.34375 0.5625
0 0.125
0.65625 0.84375
0.34375 0.53125
0 0.125
0.65625 0.84375
0.53125 0.71875
0 0.125
0.65625 0.84375
0.71875 0.90625
0 0.125
0.625 0.65625
0.8125 0.875
0 0.125
Level_2/Cell
3 6 0.40952495212428242
280
0.640625 0.71875
0.40625 0.484375
0 0.125
0.71875 0.78125
0.40625 0.484375
0 0.125
0.671875 0.796875
0.484375 0.546875
0 0.125
0.6875 0.796875
0.546875 0.609375
0 0.125
0.71875 0.796875
0.609375 0.6875
0 0.125
0.71875 0.796875
0.6875 0.75
0 0.125
Level_3/Cell
