1
1
1
0
(6 0
((136,80,0) (183,119,31) (0,0,0))
((184,80,0) (215,119,31) (0,0,0))
((136,120,0) (183,151,31) (0,0,0))
((184,120,0) (215,151,31) (0,0,0))
((168,152,0) (215,199,31) (0,0,0))
((168,200,0) (215,231,31) (0,0,0))
)
6
FabOnDisk: Cell_D_00000 0
FabOnDisk: Cell_D_00000 491614
FabOnDisk: Cell_D_00000 819388
FabOnDisk: Cell_D_00000 1212699
FabOnDisk: Cell_D_00000 1474938
FabOnDisk: Cell_D_00000 2064857

6,1
1.0034512832697742e+00,
1.0000877080728290e+00,
9.9856349160159763e-01,
1.0011909133728079e+00,
1.0020394655437492e+00,
1.0003494460737301e+00,

6,1
1.8770240620222864e+00,
1.8797863742090826e+00,
1.8988673915663790e+00,
1.9961406299295668e+00,
1.9263341070575108e+00,
1.3343639467937582e+00,

