1
1
1
0
(14 0
((248,136,0) (311,175,63) (0,0,0))
((312,136,0) (359,175,63) (0,0,0))
((320,176,0) (359,183,7) (0,0,0))
((408,264,0) (431,295,63) (0,0,0))
((360,152,0) (399,183,63) (0,0,0))
((320,176,8) (359,183,47) (0,0,0))
((360,184,0) (415,215,63) (0,0,0))
((400,216,0) (423,231,63) (0,0,0))
((400,232,0) (431,263,63) (0,0,0))
((320,176,48) (335,183,63) (0,0,0))
((336,176,48) (359,183,63) (0,0,0))
((344,184,0) (359,199,63) (0,0,0))
((376,216,0) (399,231,63) (0,0,0))
((392,232,0) (399,247,63) (0,0,0))
)
14
FabOnDisk: Cell_D_00000 0
FabOnDisk: Cell_D_00000 1310815
FabOnDisk: Cell_D_00000 2293950
FabOnDisk: Cell_D_00000 2314524
FabOnDisk: Cell_D_00000 2707835
FabOnDisk: Cell_D_00000 3363290
FabOnDisk: Cell_D_00000 3465785
FabOnDisk: Cell_D_00000 4383384
FabOnDisk: Cell_D_00000 4580087
FabOnDisk: Cell_D_00000 5104470
FabOnDisk: Cell_D_00000 5120950
FabOnDisk: Cell_D_00000 5145622
FabOnDisk: Cell_D_00000 5276789
FabOnDisk: Cell_D_00000 5473492

14,1
1.0361575806046397e+00,
1.0270508924379609e+00,
1.2422555267914066e+00,
1.1913068663370632e+00,
1.0042621065752162e+00,
1.2422556336383428e+00,
1.0222440976685485e+00,
1.0906610381642234e+00,
1.0481130317911806e+00,
1.2422555265555326e+00,
1.3741192310541195e+00,
1.1239224071752805e+00,
1.0988601740819137e+00,
1.2069012137838750e+00,

14,1
1.8844841972354094e+00,
1.9952949269338052e+00,
1.9700156524114791e+00,
1.6336162603920830e+00,
1.9948728241901534e+00,
1.9700156524253669e+00,
1.9748508636850559e+00,
1.8469084677351446e+00,
1.7763269527566012e+00,
1.6005488346426160e+00,
1.9700156524117005e+00,
1.7552144387666386e+00,
1.8487836918457556e+00,
1.6442127674857077e+00,

