1
1
1
0
(20 0
((256,144,0) (303,175,63) (0,0,0))
((304,144,0) (351,175,63) (0,0,0))
((352,144,0) (391,175,63) (0,0,0))
((304,176,0) (327,183,7) (0,0,0))
((384,176,0) (407,199,63) (0,0,0))
((384,200,0) (415,215,63) (0,0,0))
((368,208,0) (383,215,7) (0,0,0))
((376,216,0) (383,223,7) (0,0,0))
((384,216,0) (423,239,63) (0,0,0))
((392,240,0) (431,263,63) (0,0,0))
((400,264,0) (431,303,63) (0,0,0))
((304,176,8) (327,183,47) (0,0,0))
((304,176,48) (319,183,63) (0,0,0))
((344,176,0) (383,199,63) (0,0,0))
((368,208,8) (383,223,55) (0,0,0))
((320,176,48) (327,183,63) (0,0,0))
((328,176,0) (343,191,63) (0,0,0))
((360,200,0) (383,207,63) (0,0,0))
((368,208,56) (383,215,63) (0,0,0))
((376,216,56) (383,223,63) (0,0,0))
)
20
FabOnDisk: Cell_D_00000 0
FabOnDisk: Cell_D_00000 786527
FabOnDisk: Cell_D_00000 1573054
FabOnDisk: Cell_D_00000 2228509
FabOnDisk: Cell_D_00000 2240891
FabOnDisk: Cell_D_00000 2535898
FabOnDisk: Cell_D_00000 2798137
FabOnDisk: Cell_D_00000 2806423
FabOnDisk: Cell_D_00000 2810613
FabOnDisk: Cell_D_00000 3302228
FabOnDisk: Cell_D_00000 3793843
FabOnDisk: Cell_D_00000 4449298
FabOnDisk: Cell_D_00000 4510833
FabOnDisk: Cell_D_00000 4527313
FabOnDisk: Cell_D_00000 5018928
FabOnDisk: Cell_D_00000 5117327
FabOnDisk: Cell_D_00000 5125615
FabOnDisk: Cell_D_00000 5256782
FabOnDisk: Cell_D_00000 5355181
FabOnDisk: Cell_D_00000 5363469

20,1
1.1531939136172495e+00,
1.1691688949335322e+00,
1.0032363759395957e+00,
1.2175975275372182e+00,
1.0329702161478678e+00,
1.1020045518576158e+00,
1.1805760016181186e+00,
1.1991044401522848e+00,
1.0818083224352486e+00,
1.0679563650829440e+00,
1.0886402014195431e+00,
1.2175289929866875e+00,
1.2175289929867041e+00,
1.1428009516363846e+00,
1.0960538077487396e+00,
1.2698951160512462e+00,
1.1570027058681753e+00,
1.1871155028480604e+00,
1.1805760021755189e+00,
1.1991044401522708e+00,

20,1
1.8332914258992954e+00,
1.9938318764438940e+00,
1.9972414947872361e+00,
1.5404630152353485e+00,
1.9483675969296572e+00,
1.9281325272602734e+00,
1.7107779584143081e+00,
1.5078373369013458e+00,
1.8602027578627507e+00,
1.7509573311811621e+00,
1.6445833088427797e+00,
1.5404630152373551e+00,
1.4658700357810879e+00,
1.9961306267827550e+00,
1.7107779600750173e+00,
1.5404630152373924e+00,
1.7652181824463655e+00,
1.8902503476745378e+00,
1.7107779584143081e+00,
1.5078373369013456e+00,

