HyperCLaw-V1.1
1
phi
3
0.96383483850692842
3
0 0 0 
1 1 0.125 
2 2 2 
((0,0,0) (63,63,7) (0,0,0)) ((0,0,0) (127,127,15) (0,0,0)) ((0,0,0) (255,255,31) (0,0,0)) ((0,0,0) (511,511,63) (0,0,0)) 
60 120 240 480 
0.015625 0.015625 0.015625 
0.0078125 0.0078125 0.0078125 
0.00390625 0.00390625 0.00390625 
0.001953125 0.001953125 0.001953125 
0
0
0 1 0.96383483850692842
60
0 1
0 1
0 0.125
Level_0/Cell
1 6 0.96383483850692842
120
0.625 0.875
0 0.0625
0 0.125
0.3125 0.6875
0.1875 0.5625
0 0.125
0.6875 0.9375
0.1875 0.5625
0 0.125
0.3125 0.6875
0.5625 0.8125
0 0.125
0.6875 0.9375
0.5625 0.8125
0 0.125
0.5625 0.9375
0.8125 1
0 0.125
Level_1/Cell
2 7 0.96383483850692842
240
0.375 0.625
0.21875 0.375
0 0.125
0.625 0.84375
0.21875 0.375
0 0.125
0.375 0.53125
0.375 0.4375
0 0.125
0.625 0.875
0.375 0.46875
0 0.125
0.75 0.875
0.46875 0.65625
0 0.125
0.75 0.875
0.65625 0.78125
0 0.125
0.75 0.84375
0.78125 0.84375
0 0.125
Level_2/Cell
3 12 0.96383483850692842
480
0.5 0.59375
0.265625 0.34375
0 0.125
0.59375 0.71875
0.265625 0.359375
0 0.125
0.453125 0.5
0.28125 0.34375
0 0.125
0.71875 0.78125
0.296875 0.359375
0 0.125
0.6875 0.8125
0.359375 0.390625
0 0.125
0.734375 0.8125
0.390625 0.40625
0 0.125
0.796875 0.84375
0.5 0.5625
0 0.125
0.78125 0.828125
0.40625 0.453125
0 0.125
0.78125 0.84375
0.453125 0.5
0 0.125
0.765625 0.78125
0.4375 0.46875
0 0.109375
0.734375 0.78125
0.40625 0.4375
0 0.125
0.765625 0.78125
0.4375 0.46875
0.109375 0.125
Level_3/Cell
