HyperCLaw-V1.1
1
phi
3
0.77363546496591695
3
0 0 0 
1 1 0.125 
2 2 2 
((0,0,0) (63,63,7) (0,0,0)) ((0,0,0) (127,127,15) (0,0,0)) ((0,0,0) (255,255,31) (0,0,0)) ((0,0,0) (511,511,63) (0,0,0)) 
55 110 220 440 
0.015625 0.015625 0.015625 
0.0078125 0.0078125 0.0078125 
0.00390625 0.00390625 0.00390625 
0.001953125 0.001953125 0.001953125 
0
0
0 1 0.77363546496591695
55
0 1
0 1
0 0.125
Level_0/Cell
1 4 0.77363546496591695
110
0.5625 0.8125
0 0.0625
0 0.125
0.3125 0.6875
0.1875 0.5
0 0.125
0.6875 0.9375
0.1875 0.5
0 0.125
0.5625 0.9375
0.5 1
0 0.125
Level_1/Cell
2 6 0.77363546496591695
220
0.40625 0.65625
0.25 0.40625
0 0.125
0.65625 0.84375
0.25 0.40625
0 0.125
0.40625 0.5
0.40625 0.4375
0 0.125
0.65625 0.875
0.40625 0.53125
0 0.125
0.75 0.875
0.53125 0.71875
0 0.125
0.75 0.875
0.71875 0.875
0 0.125
Level_2/Cell
3 20 0.77363546496591695
440
0.5 0.59375
0.28125 0.34375
0 0.125
0.59375 0.6875
0.28125 0.34375
0 0.125
0.6875 0.765625
0.28125 0.34375
0 0.125
0.59375 0.640625
0.34375 0.359375
0 0.015625
0.75 0.796875
0.34375 0.390625
0 0.125
0.75 0.8125
0.390625 0.421875
0 0.125
0.71875 0.75
0.40625 0.421875
0 0.015625
0.734375 0.75
0.421875 0.4375
0 0.015625
0.75 0.828125
0.421875 0.46875
0 0.125
0.765625 0.84375
0.46875 0.515625
0 0.125
0.78125 0.84375
0.515625 0.59375
0 0.125
0.59375 0.640625
0.34375 0.359375
0.015625 0.09375
0.59375 0.625
0.34375 0.359375
0.09375 0.125
0.671875 0.75
0.34375 0.390625
0 0.125
0.71875 0.75
0.40625 0.4375
0.015625 0.109375
0.625 0.640625
0.34375 0.359375
0.09375 0.125
0.640625 0.671875
0.34375 0.375
0 0.125
0.703125 0.75
0.390625 0.40625
0 0.125
0.71875 0.75
0.40625 0.421875
0.109375 0.125
0.734375 0.75
0.421875 0.4375
0.109375 0.125
Level_3/Cell
