HyperCLaw-V1.1
1
phi
3
1.6551323366150827
3
0 0 0 
1 1 0.125 
2 2 2 
((0,0,0) (63,63,7) (0,0,0)) ((0,0,0) (127,127,15) (0,0,0)) ((0,0,0) (255,255,31) (0,0,0)) ((0,0,0) (511,511,63) (0,0,0)) 
90 180 360 720 
0.015625 0.015625 0.015625 
0.0078125 0.0078125 0.0078125 
0.00390625 0.00390625 0.00390625 
0.001953125 0.001953125 0.001953125 
0
0
0 1 1.6551323366150827
90
0 1
0 1
0 0.125
Level_0/Cell
1 3 1.6551323366150827
180
0.5625 0.8125
0 0.0625
0 0.125
0.4375 0.875
0.3125 0.6875
0 0.125
0.4375 0.875
0.6875 1
0 0.125
Level_1/Cell
2 3 1.6551323366150827
360
0.5625 0.8125
0.34375 0.5
0 0.125
0.59375 0.84375
0.5 0.71875
0 0.125
0.59375 0.84375
0.71875 0.90625
0 0.125
Level_2/Cell
3 5 1.6551323366150827
720
0.65625 0.75
0.4375 0.484375
0 0.125
0.65625 0.765625
0.484375 0.515625
0 0.125
0.65625 0.78125
0.515625 0.59375
0 0.125
0.6875 0.796875
0.59375 0.6875
0 0.125
0.6875 0.796875
0.6875 0.765625
0 0.125
Level_3/Cell
