1
1
1
0
(7 0
((304,168,0) (327,207,63) (0,0,0))
((328,168,0) (359,231,63) (0,0,0))
((360,176,0) (399,207,63) (0,0,0))
((360,208,0) (415,239,63) (0,0,0))
((368,240,0) (415,247,63) (0,0,0))
((368,248,0) (423,295,63) (0,0,0))
((392,296,0) (423,351,63) (0,0,0))
)
7
FabOnDisk: Cell_D_00000 0
FabOnDisk: Cell_D_00000 491615
FabOnDisk: Cell_D_00000 1540286
FabOnDisk: Cell_D_00000 2195741
FabOnDisk: Cell_D_00000 3113340
FabOnDisk: Cell_D_00000 3310043
FabOnDisk: Cell_D_00000 4686394

7,1
1.1753095247467302e+00,
1.0607689136320642e+00,
1.0093037179169120e+00,
1.0218671369577128e+00,
1.1952835123386931e+00,
1.0366612879404584e+00,
1.1927800213683510e+00,

7,1
1.7167111200462835e+00,
1.9430289769197437e+00,
1.9838718648424072e+00,
1.9975350649782970e+00,
1.9645464817619960e+00,
1.9394072663559376e+00,
1.7285912775098071e+00,

