1
1
6
0
(4 0
((0,0,0) (31,31,7) (0,0,0))
((32,0,0) (63,31,7) (0,0,0))
((0,32,0) (31,63,7) (0,0,0))
((32,32,0) (63,63,7) (0,0,0))
)
4
FabOnDisk: Cell_D_00000 0
FabOnDisk: Cell_D_00001 0
FabOnDisk: Cell_D_00002 0
FabOnDisk: Cell_D_00003 0

4,6
-7.9023613495673639e-01,-1.8446559066298232e-01,-5.0751625124689781e-12,0.0000000000000000e+00,0.0000000000000000e+00,1.0000000000000000e+00,
-8.8025343929874600e-01,-1.5429929866067793e+00,-1.5406209641355417e-10,1.0000000000000000e+00,-1.0000000000000000e+00,0.0000000000000000e+00,
-9.3266772945184637e-03,-1.8446559063647330e-01,-4.4954040490097213e-12,2.0000000000000000e+00,0.0000000000000000e+00,1.0000000000000000e+00,
-4.2395852344620555e-01,-1.5429929866332475e+00,-7.6876283117144339e-11,3.0000000000000000e+00,-1.0000000000000000e+00,0.0000000000000000e+00,

4,6
9.3266772943665366e-03,8.1305171871158133e-01,5.0744963786542030e-12,0.0000000000000000e+00,0.0000000000000000e+00,1.0000000000000000e+00,
4.2395852331605099e-01,9.5222520425432278e-04,6.5965011231128301e-11,1.0000000000000000e+00,4.4058812398769270e-01,1.0000000000000000e+00,
7.9023613495562561e-01,8.1305171871254567e-01,4.4959591605220339e-12,2.0000000000000000e+00,0.0000000000000000e+00,1.0000000000000000e+00,
8.8025343951669499e-01,9.5222520421520129e-04,1.6260015556213148e-10,3.0000000000000000e+00,1.0599588257964512e+00,1.0000000000000000e+00,

