HyperCLaw-V1.1
1
phi
3
0.55944255805027854
3
0 0 0 
1 1 0.125 
2 2 2 
((0,0,0) (63,63,7) (0,0,0)) ((0,0,0) (127,127,15) (0,0,0)) ((0,0,0) (255,255,31) (0,0,0)) ((0,0,0) (511,511,63) (0,0,0)) 
45 90 180 360 
0.015625 0.015625 0.015625 
0.0078125 0.0078125 0.0078125 
0.00390625 0.00390625 0.00390625 
0.001953125 0.001953125 0.001953125 
0
0
0 1 0.55944255805027854
45
0 1
0 1
0 0.125
Level_0/Cell
1 3 0.55944255805027854
90
0.6875 0.8125
0 0.0625
0 0.125
0.375 0.875
0.25 0.5625
0 0.125
0.5 0.875
0.5625 1
0 0.125
Level_1/Cell
2 4 0.55944255805027854
180
0.46875 0.6875
0.28125 0.5
0 0.125
0.6875 0.84375
0.28125 0.5
0 0.125
0.6875 0.84375
0.5 0.6875
0 0.125
0.6875 0.84375
0.6875 0.875
0 0.125
Level_2/Cell
3 7 0.55944255805027854
360
0.59375 0.640625
0.328125 0.40625
0 0.125
0.640625 0.703125
0.328125 0.453125
0 0.125
0.703125 0.78125
0.34375 0.40625
0 0.125
0.703125 0.8125
0.40625 0.46875
0 0.125
0.71875 0.8125
0.46875 0.484375
0 0.125
0.71875 0.828125
0.484375 0.578125
0 0.125
0.765625 0.828125
0.578125 0.6875
0 0.125
Level_3/Cell
