HyperCLaw-V1.1
1
phi
3
1.5889055690646949
3
0 0 0 
1 1 0.125 
2 2 2 
((0,0,0) (63,63,7) (0,0,0)) ((0,0,0) (127,127,15) (0,0,0)) ((0,0,0) (255,255,31) (0,0,0)) ((0,0,0) (511,511,63) (0,0,0)) 
85 170 340 680 
0.015625 0.015625 0.015625 
0.0078125 0.0078125 0.0078125 
0.00390625 0.00390625 0.00390625 
0.001953125 0.001953125 0.001953125 
0
0
0 1 1.5889055690646949
85
0 1
0 1
0 0.125
Level_0/Cell
1 3 1.5889055690646949
170
0.5625 0.8125
0 0.0625
0 0.125
0.4375 0.875
0.25 0.75
0 0.125
0.4375 0.875
0.75 1
0 0.125
Level_1/Cell
2 6 1.5889055690646949
340
0.53125 0.71875
0.3125 0.46875
0 0.125
0.71875 0.84375
0.3125 0.46875
0 0.125
0.53125 0.71875
0.46875 0.59375
0 0.125
0.71875 0.84375
0.46875 0.59375
0 0.125
0.65625 0.84375
0.59375 0.78125
0 0.125
0.65625 0.84375
0.78125 0.90625
0 0.125
Level_2/Cell
3 6 1.5889055690646949
680
0.640625 0.765625
0.390625 0.46875
0 0.125
0.65625 0.734375
0.46875 0.578125
0 0.125
0.734375 0.796875
0.46875 0.578125
0 0.125
0.71875 0.796875
0.578125 0.59375
0 0.125
0.71875 0.8125
0.59375 0.671875
0 0.125
0.71875 0.8125
0.671875 0.734375
0 0.125
Level_3/Cell
