HyperCLaw-V1.1
1
phi
3
0.16579930190660952
3
0 0 0 
1 1 0.125 
2 2 2 
((0,0,0) (63,63,7) (0,0,0)) ((0,0,0) (127,127,15) (0,0,0)) ((0,0,0) (255,255,31) (0,0,0)) ((0,0,0) (511,511,63) (0,0,0)) 
15 30 60 120 
0.015625 0.015625 0.015625 
0.0078125 0.0078125 0.0078125 
0.00390625 0.00390625 0.00390625 
0.001953125 0.001953125 0.001953125 
0
0
0 1 0.16579930190660952
15
0 1
0 1
0 0.125
Level_0/Cell
1 2 0.16579930190660952
30
0.375 0.8125
0.4375 0.75
0 0.125
0.375 0.8125
0.75 1
0 0.125
Level_1/Cell
2 4 0.16579930190660952
60
0.46875 0.65625
0.5 0.71875
0 0.125
0.65625 0.78125
0.5 0.71875
0 0.125
0.46875 0.65625
0.71875 0.90625
0 0.125
0.65625 0.78125
0.71875 0.90625
0 0.125
Level_2/Cell
3 4 0.16579930190660952
120
0.5625 0.65625
0.59375 0.71875
0 0.125
0.65625 0.71875
0.59375 0.71875
0 0.125
0.5625 0.65625
0.71875 0.828125
0 0.125
0.65625 0.71875
0.71875 0.828125
0 0.125
Level_3/Cell
