1
1
1
0
(6 0
((104,64,0) (167,103,31) (0,0,0))
((168,64,0) (215,103,31) (0,0,0))
((104,104,0) (127,111,31) (0,0,0))
((168,104,0) (223,135,31) (0,0,0))
((192,136,0) (223,183,31) (0,0,0))
((192,184,0) (223,223,31) (0,0,0))
)
6
FabOnDisk: Cell_D_00000 0
FabOnDisk: Cell_D_00000 655454
FabOnDisk: Cell_D_00000 1147068
FabOnDisk: Cell_D_00000 1196315
FabOnDisk: Cell_D_00000 1655162
FabOnDisk: Cell_D_00000 2048473

6,1
1.0042040199620887e+00,
1.0000657164515612e+00,
1.0224259931144724e+00,
9.9783999180830862e-01,
1.0036677782808650e+00,
1.0003136154538907e+00,

6,1
1.9643480667865207e+00,
1.9967864838639486e+00,
1.1098474473490367e+00,
1.8914485078815049e+00,
1.6079554816943777e+00,
1.2563598332058992e+00,

