1
1
1
0
(8 0
((312,176,0) (351,207,63) (0,0,0))
((352,176,0) (383,207,63) (0,0,0))
((320,208,0) (367,231,63) (0,0,0))
((368,208,0) (399,231,63) (0,0,0))
((344,232,0) (407,255,63) (0,0,0))
((360,256,0) (415,263,63) (0,0,0))
((368,264,0) (415,303,63) (0,0,0))
((384,304,0) (415,359,63) (0,0,0))
)
8
FabOnDisk: Cell_D_00000 0
FabOnDisk: Cell_D_00000 655455
FabOnDisk: Cell_D_00000 1179838
FabOnDisk: Cell_D_00000 1769757
FabOnDisk: Cell_D_00000 2163068
FabOnDisk: Cell_D_00000 2949595
FabOnDisk: Cell_D_00000 3179066
FabOnDisk: Cell_D_00000 4162201

8,1
1.1967464278455509e+00,
1.0195860762758397e+00,
1.1269967748065681e+00,
1.0802016928614648e+00,
1.1166728727156532e+00,
1.1506870646033911e+00,
1.1368852234442841e+00,
1.2471685809986652e+00,

8,1
1.8036137106031134e+00,
1.8326390955748653e+00,
1.9363549853941464e+00,
1.9776537907128862e+00,
1.9965119305127648e+00,
1.9892559483295020e+00,
1.9726832678345219e+00,
1.8095461215522175e+00,

