1
1
1
0
(7 0
((96,56,0) (159,95,31) (0,0,0))
((160,56,0) (215,95,31) (0,0,0))
((96,96,0) (135,111,31) (0,0,0))
((160,96,0) (223,119,31) (0,0,0))
((192,120,0) (223,167,31) (0,0,0))
((192,168,0) (223,199,31) (0,0,0))
((192,200,0) (215,215,31) (0,0,0))
)
7
FabOnDisk: Cell_D_00000 0
FabOnDisk: Cell_D_00000 655452
FabOnDisk: Cell_D_00000 1228985
FabOnDisk: Cell_D_00000 1392918
FabOnDisk: Cell_D_00000 1786228
FabOnDisk: Cell_D_00000 2179539
FabOnDisk: Cell_D_00000 2441778

7,1
1.0000367707131432e+00,
1.0000660746175913e+00,
1.0043768212887048e+00,
9.9936229631597084e-01,
9.9911228354235859e-01,
9.9911257705765844e-01,
1.0057023099783431e+00,

7,1
1.9613248156175800e+00,
1.9957457196397312e+00,
1.2594718387546744e+00,
1.8843536126818634e+00,
1.6667260645859363e+00,
1.3141606845597253e+00,
1.1503955511216661e+00,

