1
1
1
0
(6 0
((120,72,0) (183,111,31) (0,0,0))
((184,72,0) (215,111,31) (0,0,0))
((184,112,0) (223,175,31) (0,0,0))
((184,176,0) (215,223,31) (0,0,0))
((160,112,0) (183,119,31) (0,0,0))
((168,120,0) (183,135,31) (0,0,0))
)
6
FabOnDisk: Cell_D_00000 0
FabOnDisk: Cell_D_00000 655454
FabOnDisk: Cell_D_00000 983228
FabOnDisk: Cell_D_00000 1638683
FabOnDisk: Cell_D_00000 2031994
FabOnDisk: Cell_D_00000 2081241

6,1
1.0031611104572782e+00,
1.0000813752752591e+00,
9.9967848422406524e-01,
1.0007635212837838e+00,
1.0208339074807811e+00,
1.0022939619888287e+00,

6,1
1.9724487236836188e+00,
1.9955663696540766e+00,
1.9930126376199864e+00,
1.4320285908101968e+00,
1.6627703974640553e+00,
1.3398000554138467e+00,

