1
1
1
0
(6 0
((80,0,0) (111,7,15) (0,0,0))
((40,24,0) (87,71,15) (0,0,0))
((88,24,0) (119,71,15) (0,0,0))
((40,72,0) (87,103,15) (0,0,0))
((88,72,0) (119,103,15) (0,0,0))
((72,104,0) (119,127,15) (0,0,0))
)
6
FabOnDisk: Cell_D_00000 0
FabOnDisk: Cell_D_00000 32858
FabOnDisk: Cell_D_00000 327861
FabOnDisk: Cell_D_00000 524561
FabOnDisk: Cell_D_00000 721261
FabOnDisk: Cell_D_00000 852426

6,1
9.9965953199624891e-01,
9.9566200109905934e-01,
9.9573450416854270e-01,
9.9575282632766116e-01,
9.9576071608843009e-01,
9.9625854723924268e-01,

6,1
1.0105487356322602e+00,
1.9929993104597554e+00,
1.9869085591054056e+00,
1.0031558501408202e+00,
1.4630461525155356e+00,
1.1140876015447561e+00,

