HyperCLaw-V1.1
1
phi
3
1.4363727918366729
3
0 0 0 
1 1 0.125 
2 2 2 
((0,0,0) (63,63,7) (0,0,0)) ((0,0,0) (127,127,15) (0,0,0)) ((0,0,0) (255,255,31) (0,0,0)) ((0,0,0) (511,511,63) (0,0,0)) 
75 150 300 600 
0.015625 0.015625 0.015625 
0.0078125 0.0078125 0.0078125 
0.00390625 0.00390625 0.00390625 
0.001953125 0.001953125 0.001953125 
0
0
0 1 1.4363727918366729
75
0 1
0 1
0 0.125
Level_0/Cell
1 4 1.4363727918366729
150
0.5625 0.8125
0 0.0625
0 0.125
0.375 0.6875
0.25 0.5
0 0.125
0.6875 0.9375
0.25 0.5
0 0.125
0.5625 0.9375
0.5 1
0 0.125
Level_1/Cell
2 6 1.4363727918366729
300
0.46875 0.71875
0.28125 0.4375
0 0.125
0.71875 0.84375
0.28125 0.4375
0 0.125
0.71875 0.875
0.4375 0.6875
0 0.125
0.71875 0.84375
0.6875 0.875
0 0.125
0.625 0.71875
0.4375 0.46875
0 0.125
0.65625 0.71875
0.46875 0.53125
0 0.125
Level_2/Cell
3 10 1.4363727918366729
600
0.578125 0.625
0.3125 0.390625
0 0.125
0.625 0.6875
0.3125 0.421875
0 0.125
0.6875 0.78125
0.328125 0.421875
0 0.125
0.671875 0.6875
0.421875 0.4375
0 0.125
0.6875 0.796875
0.421875 0.453125
0 0.125
0.75 0.8125
0.453125 0.515625
0 0.125
0.75 0.828125
0.515625 0.5625
0 0.125
0.765625 0.828125
0.5625 0.671875
0 0.125
0.703125 0.75
0.453125 0.484375
0 0.125
0.734375 0.75
0.484375 0.515625
0 0.125
Level_3/Cell
