HyperCLaw-V1.1
1
phi
3
1.8905140803875466
3
0 0 0 
1 1 0.125 
2 2 2 
((0,0,0) (63,63,7) (0,0,0)) ((0,0,0) (127,127,15) (0,0,0)) ((0,0,0) (255,255,31) (0,0,0)) ((0,0,0) (511,511,63) (0,0,0)) 
110 220 440 880 
0.015625 0.015625 0.015625 
0.0078125 0.0078125 0.0078125 
0.00390625 0.00390625 0.00390625 
0.001953125 0.001953125 0.001953125 
0
0
0 1 1.8905140803875466
110
0 1
0 1
0 0.125
Level_0/Cell
1 3 1.8905140803875466
220
0.625 0.8125
0 0.0625
0 0.125
0.3125 0.8125
0.4375 0.75
0 0.125
0.3125 0.8125
0.75 1
0 0.125
Level_1/Cell
2 4 1.8905140803875466
440
0.4375 0.625
0.53125 0.78125
0 0.125
0.625 0.75
0.53125 0.78125
0 0.125
0.4375 0.625
0.78125 0.90625
0 0.125
0.625 0.75
0.78125 0.90625
0 0.125
Level_2/Cell
3 4 1.8905140803875466
880
0.515625 0.609375
0.625 0.734375
0 0.125
0.609375 0.6875
0.625 0.734375
0 0.125
0.515625 0.609375
0.734375 0.828125
0 0.125
0.609375 0.6875
0.734375 0.828125
0 0.125
Level_3/Cell
