1
1
1
0
(14 0
((280,152,0) (327,191,63) (0,0,0))
((328,152,0) (351,199,63) (0,0,0))
((344,200,0) (351,207,63) (0,0,0))
((360,216,0) (415,231,7) (0,0,0))
((376,232,0) (415,239,7) (0,0,0))
((384,248,0) (423,279,63) (0,0,0))
((400,280,0) (423,327,63) (0,0,0))
((360,216,8) (415,239,39) (0,0,0))
((352,160,0) (383,183,63) (0,0,0))
((352,184,0) (399,199,63) (0,0,0))
((352,200,0) (407,215,63) (0,0,0))
((360,216,40) (415,231,63) (0,0,0))
((376,232,40) (415,239,63) (0,0,0))
((376,240,0) (423,247,63) (0,0,0))
)
14
FabOnDisk: Cell_D_00000 0
FabOnDisk: Cell_D_00000 983135
FabOnDisk: Cell_D_00000 1573054
FabOnDisk: Cell_D_00000 1605917
FabOnDisk: Cell_D_00000 1663355
FabOnDisk: Cell_D_00000 1683929
FabOnDisk: Cell_D_00000 2339384
FabOnDisk: Cell_D_00000 2929303
FabOnDisk: Cell_D_00000 3273462
FabOnDisk: Cell_D_00000 3666773
FabOnDisk: Cell_D_00000 4060084
FabOnDisk: Cell_D_00000 4518931
FabOnDisk: Cell_D_00000 4691059
FabOnDisk: Cell_D_00000 4752595

14,1
1.2308152679074493e+00,
1.1579619942609436e+00,
1.2455500536508097e+00,
1.1119557037186987e+00,
1.2545133682769156e+00,
1.0887072849172896e+00,
1.1987921830701020e+00,
1.0621415420322113e+00,
1.0340530851495442e+00,
1.0916802841013673e+00,
1.1324579933583201e+00,
1.1119557037094705e+00,
1.2545133682769156e+00,
1.1355310091829114e+00,

14,1
1.8502695129833802e+00,
1.9637303864961333e+00,
1.5296507466325489e+00,
1.9582944027566433e+00,
1.8996289197564906e+00,
1.8311834758651631e+00,
1.6848279635802337e+00,
1.9582944027566433e+00,
1.9816666205800906e+00,
1.9978982938738541e+00,
1.9946619261095577e+00,
1.9582944027566433e+00,
1.8996289197564906e+00,
1.8660341786052128e+00,

