HyperCLaw-V1.1
1
phi
3
0.054741009637791965
3
0 0 0 
1 1 0.125 
2 2 2 
((0,0,0) (63,63,7) (0,0,0)) ((0,0,0) (127,127,15) (0,0,0)) ((0,0,0) (255,255,31) (0,0,0)) ((0,0,0) (511,511,63) (0,0,0)) 
5 10 20 40 
0.015625 0.015625 0.015625 
0.0078125 0.0078125 0.0078125 
0.00390625 0.00390625 0.00390625 
0.001953125 0.001953125 0.001953125 
0
0
0 1 0.054741009637791965
5
0 1
0 1
0 0.125
Level_0/Cell
1 1 0.054741009637791965
10
0.25 0.75
0.5 1
0 0.125
Level_1/Cell
2 4 0.054741009637791965
20
0.375 0.5625
0.5625 0.75
0 0.125
0.5625 0.71875
0.5625 0.75
0 0.125
0.375 0.5625
0.75 0.90625
0 0.125
0.5625 0.71875
0.75 0.90625
0 0.125
Level_2/Cell
3 4 0.054741009637791965
40
0.453125 0.578125
0.65625 0.78125
0 0.125
0.578125 0.640625
0.65625 0.78125
0 0.125
0.453125 0.578125
0.78125 0.84375
0 0.125
0.578125 0.640625
0.78125 0.84375
0 0.125
Level_3/Cell
