HyperCLaw-V1.1
1
phi
3
1.7769254310261033
3
0 0 0 
1 1 0.125 
2 2 2 
((0,0,0) (63,63,7) (0,0,0)) ((0,0,0) (127,127,15) (0,0,0)) ((0,0,0) (255,255,31) (0,0,0)) ((0,0,0) (511,511,63) (0,0,0)) 
100 200 400 800 
0.015625 0.015625 0.015625 
0.0078125 0.0078125 0.0078125 
0.00390625 0.00390625 0.00390625 
0.001953125 0.001953125 0.001953125 
0
0
0 1 1.7769254310261033
100
0 1
0 1
0 0.125
Level_0/Cell
1 3 1.7769254310261033
200
0.625 0.8125
0 0.0625
0 0.125
0.4375 0.875
0.375 0.75
0 0.125
0.4375 0.875
0.75 1
0 0.125
Level_1/Cell
2 4 1.7769254310261033
400
0.53125 0.6875
0.4375 0.6875
0 0.125
0.6875 0.8125
0.4375 0.6875
0 0.125
0.53125 0.6875
0.6875 0.90625
0 0.125
0.6875 0.8125
0.6875 0.90625
0 0.125
Level_2/Cell
3 3 1.7769254310261033
800
0.625 0.75
0.53125 0.625
0 0.125
0.625 0.75
0.625 0.71875
0 0.125
0.625 0.75
0.71875 0.8125
0 0.125
Level_3/Cell
