HyperCLaw-V1.1
1
phi
3
1.7174350062188803
3
0 0 0 
1 1 0.125 
2 2 2 
((0,0,0) (63,63,7) (0,0,0)) ((0,0,0) (127,127,15) (0,0,0)) ((0,0,0) (255,255,31) (0,0,0)) ((0,0,0) (511,511,63) (0,0,0)) 
95 190 380 760 
0.015625 0.015625 0.015625 
0.0078125 0.0078125 0.0078125 
0.00390625 0.00390625 0.00390625 
0.001953125 0.001953125 0.001953125 
0
0
0 1 1.7174350062188803
95
0 1
0 1
0 0.125
Level_0/Cell
1 3 1.7174350062188803
190
0.625 0.8125
0 0.0625
0 0.125
0.4375 0.875
0.3125 0.6875
0 0.125
0.4375 0.875
0.6875 1
0 0.125
Level_1/Cell
2 2 1.7174350062188803
380
0.5625 0.8125
0.40625 0.65625
0 0.125
0.5625 0.8125
0.65625 0.90625
0 0.125
Level_2/Cell
3 3 1.7174350062188803
760
0.65625 0.765625
0.484375 0.609375
0 0.125
0.65625 0.765625
0.609375 0.734375
0 0.125
0.65625 0.765625
0.734375 0.796875
0 0.125
Level_3/Cell
