1
1
1
0
(6 0
((328,200,0) (391,239,63) (0,0,0))
((336,240,0) (375,295,63) (0,0,0))
((376,240,0) (407,295,63) (0,0,0))
((368,296,0) (407,303,63) (0,0,0))
((368,304,0) (415,343,63) (0,0,0))
((368,344,0) (415,375,63) (0,0,0))
)
6
FabOnDisk: Cell_D_00000 0
FabOnDisk: Cell_D_00000 1310815
FabOnDisk: Cell_D_00000 2457790
FabOnDisk: Cell_D_00000 3375389
FabOnDisk: Cell_D_00000 3539324
FabOnDisk: Cell_D_00000 4522459

6,1
1.0258419796362794e+00,
1.0448796553186637e+00,
1.0705274351405796e+00,
1.4196063451577072e+00,
1.1744933480666389e+00,
1.0894404208748449e+00,

6,1
1.8843831269118234e+00,
1.9711460018682556e+00,
1.9961644255531328e+00,
1.9581547578671703e+00,
1.9289751567652420e+00,
1.7111572491956968e+00,

