HyperCLaw-V1.1
1
phi
3
2
3
0 0 0 
1 1 0.125 
2 2 2 
((0,0,0) (63,63,7) (0,0,0)) ((0,0,0) (127,127,15) (0,0,0)) ((0,0,0) (255,255,31) (0,0,0)) ((0,0,0) (511,511,63) (0,0,0)) 
120 240 480 960 
0.015625 0.015625 0.015625 
0.0078125 0.0078125 0.0078125 
0.00390625 0.00390625 0.00390625 
0.001953125 0.001953125 0.001953125 
0
0
0 1 2
120
0 1
0 1
0 0.125
Level_0/Cell
1 3 2
240
0.625 0.8125
0 0.0625
0 0.125
0.25 0.5625
0.5 1
0 0.125
0.5625 0.8125
0.5 1
0 0.125
Level_1/Cell
2 4 2
480
0.34375 0.53125
0.59375 0.78125
0 0.125
0.53125 0.6875
0.59375 0.78125
0 0.125
0.34375 0.53125
0.78125 0.90625
0 0.125
0.53125 0.6875
0.78125 0.90625
0 0.125
Level_2/Cell
3 4 2
960
0.40625 0.53125
0.65625 0.78125
0 0.125
0.53125 0.59375
0.65625 0.78125
0 0.125
0.40625 0.53125
0.78125 0.84375
0 0.125
0.53125 0.59375
0.78125 0.84375
0 0.125
Level_3/Cell
