HyperCLaw-V1.1
1
phi
3
1.340630920495693
3
0 0 0 
1 1 0.125 
2 2 2 
((0,0,0) (63,63,7) (0,0,0)) ((0,0,0) (127,127,15) (0,0,0)) ((0,0,0) (255,255,31) (0,0,0)) ((0,0,0) (511,511,63) (0,0,0)) 
70 140 280 560 
0.015625 0.015625 0.015625 
0.0078125 0.0078125 0.0078125 
0.00390625 0.00390625 0.00390625 
0.001953125 0.001953125 0.001953125 
0
0
0 1 1.340630920495693
70
0 1
0 1
0 0.125
Level_0/Cell
1 4 1.340630920495693
140
0.5625 0.875
0 0.0625
0 0.125
0.3125 0.6875
0.1875 0.5
0 0.125
0.6875 0.9375
0.1875 0.5
0 0.125
0.5625 0.9375
0.5 1
0 0.125
Level_1/Cell
2 5 1.340630920495693
280
0.40625 0.65625
0.25 0.46875
0 0.125
0.65625 0.84375
0.25 0.46875
0 0.125
0.6875 0.875
0.46875 0.5625
0 0.125
0.71875 0.875
0.5625 0.75
0 0.125
0.71875 0.875
0.75 0.875
0 0.125
Level_2/Cell
3 14 1.340630920495693
560
0.53125 0.609375
0.296875 0.359375
0 0.125
0.609375 0.6875
0.296875 0.40625
0 0.125
0.6875 0.796875
0.3125 0.40625
0 0.125
0.75 0.8125
0.40625 0.453125
0 0.125
0.71875 0.75
0.4375 0.453125
0 0.015625
0.734375 0.75
0.453125 0.46875
0 0.015625
0.75 0.828125
0.453125 0.515625
0 0.125
0.765625 0.828125
0.515625 0.546875
0 0.125
0.78125 0.828125
0.546875 0.578125
0 0.125
0.796875 0.828125
0.578125 0.625
0 0.125
0.71875 0.75
0.4375 0.46875
0.015625 0.109375
0.703125 0.75
0.40625 0.4375
0 0.125
0.71875 0.75
0.4375 0.453125
0.109375 0.125
0.734375 0.75
0.453125 0.46875
0.109375 0.125
Level_3/Cell
