HyperCLaw-V1.1
1
phi
3
0.48042388306081374
3
0 0 0 
1 1 0.125 
2 2 2 
((0,0,0) (63,63,7) (0,0,0)) ((0,0,0) (127,127,15) (0,0,0)) ((0,0,0) (255,255,31) (0,0,0)) ((0,0,0) (511,511,63) (0,0,0)) 
40 80 160 320 
0.015625 0.015625 0.015625 
0.0078125 0.0078125 0.0078125 
0.00390625 0.00390625 0.00390625 
0.001953125 0.001953125 0.001953125 
0
0
0 1 0.48042388306081374
40
0 1
0 1
0 0.125
Level_0/Cell
1 3 0.48042388306081374
80
0.625 0.75
0 0.0625
0 0.125
0.4375 0.875
0.25 0.75
0 0.125
0.4375 0.875
0.75 1
0 0.125
Level_1/Cell
2 7 0.48042388306081374
160
0.5 0.6875
0.3125 0.4375
0 0.125
0.6875 0.84375
0.3125 0.53125
0 0.125
0.6875 0.84375
0.53125 0.71875
0 0.125
0.6875 0.84375
0.71875 0.90625
0 0.125
0.65625 0.6875
0.8125 0.875
0 0.125
0.5625 0.6875
0.4375 0.5
0 0.125
0.625 0.6875
0.5 0.5625
0 0.125
Level_2/Cell
3 8 0.48042388306081374
320
0.625 0.703125
0.359375 0.421875
0 0.125
0.703125 0.765625
0.359375 0.421875
0 0.125
0.640625 0.734375
0.421875 0.484375
0 0.125
0.734375 0.796875
0.421875 0.484375
0 0.125
0.6875 0.796875
0.484375 0.515625
0 0.125
0.703125 0.8125
0.515625 0.546875
0 0.125
0.71875 0.8125
0.546875 0.625
0 0.125
0.75 0.8125
0.625 0.71875
0 0.125
Level_3/Cell
